0.236688 0.320165 0.276330 0.316058 0.960367 0.146021 0.003351 0.022081 0.323078 0.222556 	0.000000 0.000000 0.000000 0.000000 0.000000 0.000000 0.000000 0.000000 0.000000 0.000000 
0.408816 0.544654 0.681636 0.092867 0.195277 0.380056 0.400439 0.646351 0.320805 0.827528 	0.000000 0.000000 0.000000 0.000000 0.000000 0.000000 0.000000 0.000000 0.000000 0.000000 
0.345563 0.059850 0.803618 0.196244 0.074768 0.602450 0.450023 0.695978 0.767104 0.026199 	0.000000 0.000000 0.000000 0.000000 0.000000 0.000000 0.000000 0.000000 0.000000 0.000000 
0.549077 0.195959 0.584900 0.328437 0.051678 0.055982 0.300355 0.149397 0.987683 0.184177 	0.000000 0.000000 0.000000 0.000000 0.000000 0.000000 0.000000 0.000000 0.000000 0.000000 
0.999095 1.603730 0.098831 0.335486 0.095654 0.220233 0.591585 0.420367 0.146043 0.281562 	0.000000 0.000000 0.000000 0.000000 0.000000 0.000000 0.000000 0.000000 0.000000 0.000000 
0.619151 0.363434 0.461663 0.496071 0.739179 0.604231 0.286345 0.276315 0.250203 0.173646 	0.000000 0.000000 0.000000 0.000000 0.000000 0.000000 0.000000 0.000000 0.000000 0.000000 
0.282099 0.270571 0.279392 0.545245 0.335166 0.057337 0.217955 0.233264 0.563718 0.596447 	0.000000 0.000000 0.000000 0.000000 0.000000 0.000000 0.000000 0.000000 0.000000 0.000000 
0.100959 0.388961 0.100861 0.136685 0.215254 0.000161 0.185615 0.326664 1.502136 0.151704 	0.000000 0.000000 0.000000 0.000000 0.000000 0.000000 0.000000 0.000000 0.000000 0.000000 
0.850437 0.038083 0.072029 0.281178 0.250242 0.177532 0.711850 0.660246 0.054682 0.644089 	0.000000 0.000000 0.000000 0.000000 0.000000 0.000000 0.000000 0.000000 0.000000 0.000000 
0.158305 0.214517 0.336332 0.610916 0.412553 0.570701 0.069747 0.357467 0.218355 1.120746 	0.000000 0.000000 0.000000 0.000000 0.000000 0.000000 0.000000 0.000000 0.000000 0.000000 
Field Tension -> 0.000000 + i 0.000000 
Intensity -> 0.000000 
Correlation time -> 0.000000 

0.242234 0.326714 0.284336 0.317661 0.967339 0.148736 0.007608 0.025212 0.326190 0.222776 	0.005545 0.006549 0.008005 0.001603 0.006972 0.002715 0.004257 0.003132 0.003112 0.000220 
0.410335 0.548710 0.682557 0.093523 0.202339 0.382652 0.404056 0.648309 0.324331 0.830036 	0.001519 0.004056 0.000921 0.000655 0.007062 0.002597 0.003617 0.001958 0.003526 0.002508 
0.348181 0.060485 0.805454 0.207963 0.078705 0.603531 0.456518 0.699427 0.768640 0.029550 	0.002619 0.000635 0.001835 0.011718 0.003937 0.001081 0.006495 0.003449 0.001537 0.003351 
0.550167 0.196783 0.586178 0.328642 0.053393 0.059803 0.309131 0.162615 0.991022 0.190855 	0.001090 0.000823 0.001278 0.000205 0.001715 0.003822 0.008777 0.013218 0.003339 0.006678 
0.999923 1.610037 0.107316 0.338799 0.097811 0.224170 0.595261 0.422809 0.151139 0.282533 	0.000828 0.006307 0.008485 0.003313 0.002157 0.003937 0.003677 0.002441 0.005096 0.000971 
0.622986 0.364213 0.464299 0.508478 0.744640 0.604818 0.288991 0.281733 0.253298 0.179354 	0.003834 0.000779 0.002637 0.012407 0.005460 0.000588 0.002646 0.005418 0.003095 0.005708 
0.283671 0.272820 0.287079 0.548076 0.336504 0.058436 0.218707 0.236790 0.569189 0.598520 	0.001572 0.002249 0.007687 0.002831 0.001338 0.001099 0.000753 0.003526 0.005470 0.002073 
0.108101 0.391337 0.107344 0.139707 0.218752 0.000631 0.186456 0.329094 1.504457 0.154961 	0.007143 0.002375 0.006482 0.003023 0.003498 0.000471 0.000841 0.002430 0.002322 0.003257 
0.852928 0.038223 0.075713 0.289212 0.258600 0.179194 0.712425 0.664054 0.054794 0.645107 	0.002490 0.000140 0.003684 0.008034 0.008357 0.001662 0.000575 0.003808 0.000112 0.001018 
0.163699 0.223297 0.340719 0.616091 0.414801 0.571914 0.077447 0.361972 0.218655 1.122355 	0.005394 0.008780 0.004387 0.005175 0.002248 0.001214 0.007700 0.004505 0.000300 0.001609 
Field Tension -> 7904.262849 + i 1244.841464 
Intensity -> 8001.687413 
Correlation time -> 105.961471 

0.242632 0.329966 0.285625 0.319111 0.968314 0.153686 0.009738 0.033208 0.326850 0.224657 	0.000398 0.003253 0.001290 0.001450 0.000975 0.004950 0.002130 0.007996 0.000660 0.001881 
0.415648 0.554790 0.701923 0.095079 0.212051 0.390177 0.412606 0.653071 0.330093 0.830509 	0.005313 0.006081 0.019366 0.001556 0.009712 0.007525 0.008550 0.004762 0.005762 0.000473 
0.348519 0.062105 0.806703 0.208317 0.082990 0.604498 0.457770 0.705749 0.775766 0.031678 	0.000338 0.001620 0.001250 0.000354 0.004285 0.000967 0.001252 0.006322 0.007126 0.002128 
0.552705 0.201205 0.592453 0.333022 0.055039 0.060806 0.319782 0.165996 0.992121 0.194236 	0.002538 0.004422 0.006275 0.004381 0.001646 0.001003 0.010651 0.003381 0.001098 0.003381 
1.003862 1.616509 0.109589 0.340785 0.101799 0.227374 0.602780 0.428765 0.152859 0.283306 	0.003939 0.006473 0.002273 0.001987 0.003989 0.003205 0.007519 0.005956 0.001720 0.000773 
0.624631 0.371791 0.467718 0.510464 0.747749 0.609085 0.295352 0.282694 0.254928 0.179725 	0.001645 0.007578 0.003418 0.001986 0.003109 0.004267 0.006361 0.000961 0.001629 0.000371 
0.289240 0.276010 0.288889 0.552368 0.336999 0.061724 0.219296 0.240824 0.571536 0.598661 	0.005569 0.003191 0.001810 0.004292 0.000494 0.003289 0.000588 0.004034 0.002347 0.000141 
0.108309 0.391821 0.107672 0.140760 0.224550 0.002038 0.190552 0.330582 1.507688 0.157979 	0.000207 0.000484 0.000328 0.001053 0.005798 0.001406 0.004095 0.001488 0.003231 0.003018 
0.860898 0.040509 0.080715 0.289625 0.266179 0.181941 0.718326 0.670551 0.058542 0.646691 	0.007971 0.002286 0.005002 0.000414 0.007579 0.002747 0.005901 0.006497 0.003749 0.001584 
0.165703 0.225051 0.343503 0.620309 0.421027 0.576575 0.081490 0.371590 0.224017 1.123625 	0.002004 0.001754 0.002784 0.004218 0.006226 0.004661 0.004043 0.009618 0.005363 0.001270 
Field Tension -> 7879.344727 + i 1267.120371 
Intensity -> 7980.580641 
Correlation time -> 106.768121 

0.243434 0.339174 0.286638 0.322662 0.969453 0.155985 0.014378 0.039028 0.329014 0.226101 	0.000802 0.009208 0.001013 0.003551 0.001139 0.002298 0.004640 0.005820 0.002164 0.001444 
0.418741 0.557528 0.706700 0.100165 0.214345 0.390489 0.415806 0.656357 0.330325 0.831815 	0.003094 0.002737 0.004777 0.005086 0.002294 0.000312 0.003201 0.003286 0.000232 0.001306 
0.349445 0.062631 0.811296 0.210042 0.085190 0.605479 0.458173 0.715093 0.776698 0.032597 	0.000926 0.000526 0.004592 0.001726 0.002200 0.000981 0.000403 0.009344 0.000932 0.000919 
0.559892 0.210168 0.595980 0.336586 0.059445 0.067809 0.329700 0.170223 0.995402 0.195575 	0.007187 0.008963 0.003527 0.003564 0.004406 0.007003 0.009918 0.004227 0.003281 0.001339 
1.005068 1.623491 0.111879 0.342275 0.104985 0.230024 0.607848 0.431846 0.155502 0.285593 	0.001206 0.006981 0.002290 0.001490 0.003186 0.002650 0.005068 0.003081 0.002643 0.002288 
0.627814 0.374802 0.474634 0.512359 0.749532 0.610847 0.301192 0.283058 0.257223 0.188890 	0.003183 0.003011 0.006916 0.001895 0.001783 0.001762 0.005840 0.000365 0.002296 0.009164 
0.290639 0.280963 0.294775 0.553445 0.339567 0.068930 0.222866 0.250154 0.582500 0.606405 	0.001399 0.004952 0.005886 0.001078 0.002569 0.007205 0.003571 0.009329 0.010964 0.007744 
0.113511 0.392390 0.109120 0.146042 0.225571 0.005328 0.193329 0.333617 1.511933 0.163747 	0.005202 0.000570 0.001448 0.005282 0.001022 0.003291 0.002777 0.003035 0.004245 0.005768 
0.862373 0.043315 0.083699 0.296363 0.269577 0.181962 0.721687 0.683414 0.059567 0.649021 	0.001474 0.002806 0.002983 0.006737 0.003399 0.000022 0.003361 0.012863 0.001025 0.002330 
0.175609 0.225640 0.350641 0.627652 0.422888 0.580768 0.084972 0.378720 0.231341 1.124883 	0.009906 0.000589 0.007138 0.007344 0.001861 0.004193 0.003482 0.007130 0.007323 0.001257 
Field Tension -> 7855.313714 + i 1290.886881 
Intensity -> 7960.674750 
Correlation time -> 103.229755 

